$ 64 0.000015625 19.867427341514983 62 5 50 5e-11
409 320 304 448 304 1 0.6 -0.47082443371560245 0.023100000000000002 0
c 240 320 208 320 0 1e-8 -0.366941557996054 0.001
c 368 400 400 400 0 1e-8 0.0010000010077888533 0.001
r 272 400 336 400 0 1320
r 208 368 256 368 0 1320
r 336 192 384 192 0 2000
r 240 272 288 272 0 1000
w 240 320 320 320 0
w 256 368 256 320 0
w 208 368 192 368 0
w 192 368 192 320 0
w 192 320 208 320 0
w 256 368 256 400 0
w 256 400 288 400 0
w 336 400 368 400 0
w 400 400 480 400 0
w 480 400 480 304 0
w 480 304 448 304 0
w 288 272 288 288 0
w 288 288 320 288 0
w 240 272 192 272 0
w 192 272 192 320 0
w 304 192 336 192 0
w 384 192 480 192 0
w 480 192 480 304 0
w 384 272 448 272 0
w 448 272 448 240 0
w 384 336 384 352 0
w 384 352 416 352 0
g 192 368 192 400 0 0
R 416 336 448 336 0 0 40 -15 0 0 0.5
w 416 336 416 352 0
R 416 224 448 224 0 0 40 15 0 0 0.5
w 416 224 416 240 0
w 416 240 448 240 0
w 304 192 304 288 0
w 480 304 560 304 0
o 2 64 0 4098 0.001220703125 0.1 0 1
